18
CMX-INER-I0.000000 2.000000 3.000000 4.000000 5.000000 6.000000 7.000000 8.000000 9.000000 10.000000 11.000000 12.000000 13.000000 17.000000 17.000000 16.000000 15.000000 14.000000 
GJ-GBRC5602.000000 0.000000 3.000000 4.000000 5.000000 6.000000 7.000000 8.000000 9.000000 10.000000 11.000000 12.000000 13.000000 17.000000 17.000000 16.000000 15.000000 14.000000 
ON-E76b    3.000000 3.000000 0.000000 3.000000 4.000000 5.000000 6.000000 7.000000 8.000000 9.000000 10.000000 11.000000 12.000000 16.000000 16.000000 15.000000 14.000000 13.000000 
TX-DSHS-524.000000 4.000000 3.000000 0.000000 3.000000 4.000000 5.000000 6.000000 7.000000 8.000000 9.000000 10.000000 11.000000 15.000000 15.000000 14.000000 13.000000 12.000000 
OR-OSPHL005.000000 5.000000 4.000000 3.000000 0.000000 3.000000 4.000000 5.000000 6.000000 7.000000 8.000000 9.000000 10.000000 14.000000 14.000000 13.000000 12.000000 11.000000 
RJ-LNN00116.000000 6.000000 5.000000 4.000000 3.000000 0.000000 3.000000 4.000000 5.000000 6.000000 7.000000 8.000000 9.000000 13.000000 13.000000 12.000000 11.000000 10.000000 
ON-S2383   7.000000 7.000000 6.000000 5.000000 4.000000 3.000000 0.000000 3.000000 4.000000 5.000000 6.000000 7.000000 8.000000 12.000000 12.000000 11.000000 10.000000 9.000000 
IMR_1250638.000000 8.000000 7.000000 6.000000 5.000000 4.000000 3.000000 0.000000 3.000000 4.000000 5.000000 6.000000 7.000000 11.000000 11.000000 10.000000 9.000000 8.000000 
PAIS-D00949.000000 9.000000 8.000000 7.000000 6.000000 5.000000 4.000000 3.000000 0.000000 3.000000 4.000000 5.000000 6.000000 10.000000 10.000000 9.000000 8.000000 7.000000 
S21D474    10.000000 10.000000 9.000000 8.000000 7.000000 6.000000 5.000000 4.000000 3.000000 0.000000 3.000000 4.000000 5.000000 9.000000 9.000000 8.000000 7.000000 6.000000 
CAM-TIGEM-11.000000 11.000000 10.000000 9.000000 8.000000 7.000000 6.000000 5.000000 4.000000 3.000000 0.000000 3.000000 4.000000 8.000000 8.000000 7.000000 6.000000 5.000000 
NB-NML-30012.000000 12.000000 11.000000 10.000000 9.000000 8.000000 7.000000 6.000000 5.000000 4.000000 3.000000 0.000000 3.000000 7.000000 7.000000 6.000000 5.000000 4.000000 
S38        13.000000 13.000000 12.000000 11.000000 10.000000 9.000000 8.000000 7.000000 6.000000 5.000000 4.000000 3.000000 0.000000 6.000000 6.000000 5.000000 4.000000 3.000000 
LOND-128A717.000000 17.000000 16.000000 15.000000 14.000000 13.000000 12.000000 11.000000 10.000000 9.000000 8.000000 7.000000 6.000000 0.000000 2.000000 3.000000 4.000000 5.000000 
TRE23196_117.000000 17.000000 16.000000 15.000000 14.000000 13.000000 12.000000 11.000000 10.000000 9.000000 8.000000 7.000000 6.000000 2.000000 0.000000 3.000000 4.000000 5.000000 
DCGC-5069316.000000 16.000000 15.000000 14.000000 13.000000 12.000000 11.000000 10.000000 9.000000 8.000000 7.000000 6.000000 5.000000 3.000000 3.000000 0.000000 3.000000 4.000000 
NSW4490    15.000000 15.000000 14.000000 13.000000 12.000000 11.000000 10.000000 9.000000 8.000000 7.000000 6.000000 5.000000 4.000000 4.000000 4.000000 3.000000 0.000000 3.000000 
AP8        14.000000 14.000000 13.000000 12.000000 11.000000 10.000000 9.000000 8.000000 7.000000 6.000000 5.000000 4.000000 3.000000 5.000000 5.000000 4.000000 3.000000 0.000000 

18
NB-NML-3000.000000 54.000000 76.000000 76.000000 75.000000 98.000000 121.000000 144.000000 150.000000 153.000000 157.000000 165.000000 165.000000 160.000000 163.000000 163.000000 160.000000 158.000000 
TX-DSHS-5254.000000 0.000000 76.000000 76.000000 75.000000 98.000000 121.000000 144.000000 150.000000 153.000000 157.000000 165.000000 165.000000 160.000000 163.000000 163.000000 160.000000 158.000000 
S21D474    76.000000 76.000000 0.000000 54.000000 67.000000 90.000000 113.000000 136.000000 142.000000 145.000000 149.000000 157.000000 157.000000 152.000000 155.000000 155.000000 152.000000 150.000000 
LOND-128A776.000000 76.000000 54.000000 0.000000 67.000000 90.000000 113.000000 136.000000 142.000000 145.000000 149.000000 157.000000 157.000000 152.000000 155.000000 155.000000 152.000000 150.000000 
TRE23196_175.000000 75.000000 67.000000 67.000000 0.000000 77.000000 100.000000 123.000000 129.000000 132.000000 136.000000 144.000000 144.000000 139.000000 142.000000 142.000000 139.000000 137.000000 
CAM-TIGEM-98.000000 98.000000 90.000000 90.000000 77.000000 0.000000 77.000000 100.000000 106.000000 109.000000 113.000000 121.000000 121.000000 116.000000 119.000000 119.000000 116.000000 114.000000 
RJ-LNN0011121.000000 121.000000 113.000000 113.000000 100.000000 77.000000 0.000000 77.000000 83.000000 86.000000 90.000000 98.000000 98.000000 93.000000 96.000000 96.000000 93.000000 91.000000 
DCGC-50693144.000000 144.000000 136.000000 136.000000 123.000000 100.000000 77.000000 0.000000 60.000000 63.000000 67.000000 75.000000 75.000000 70.000000 73.000000 73.000000 70.000000 68.000000 
ON-S2383   150.000000 150.000000 142.000000 142.000000 129.000000 106.000000 83.000000 60.000000 0.000000 57.000000 61.000000 69.000000 69.000000 64.000000 67.000000 67.000000 64.000000 62.000000 
S38        153.000000 153.000000 145.000000 145.000000 132.000000 109.000000 86.000000 63.000000 57.000000 0.000000 58.000000 66.000000 66.000000 61.000000 64.000000 64.000000 61.000000 59.000000 
AP8        157.000000 157.000000 149.000000 149.000000 136.000000 113.000000 90.000000 67.000000 61.000000 58.000000 0.000000 62.000000 62.000000 57.000000 60.000000 60.000000 57.000000 55.000000 
OR-OSPHL00165.000000 165.000000 157.000000 157.000000 144.000000 121.000000 98.000000 75.000000 69.000000 66.000000 62.000000 0.000000 54.000000 59.000000 66.000000 66.000000 63.000000 61.000000 
PAIS-D0094165.000000 165.000000 157.000000 157.000000 144.000000 121.000000 98.000000 75.000000 69.000000 66.000000 62.000000 54.000000 0.000000 59.000000 66.000000 66.000000 63.000000 61.000000 
IMR_125063160.000000 160.000000 152.000000 152.000000 139.000000 116.000000 93.000000 70.000000 64.000000 61.000000 57.000000 59.000000 59.000000 0.000000 61.000000 61.000000 58.000000 56.000000 
CMX-INER-I163.000000 163.000000 155.000000 155.000000 142.000000 119.000000 96.000000 73.000000 67.000000 64.000000 60.000000 66.000000 66.000000 61.000000 0.000000 54.000000 57.000000 59.000000 
NSW4490    163.000000 163.000000 155.000000 155.000000 142.000000 119.000000 96.000000 73.000000 67.000000 64.000000 60.000000 66.000000 66.000000 61.000000 54.000000 0.000000 57.000000 59.000000 
GJ-GBRC560160.000000 160.000000 152.000000 152.000000 139.000000 116.000000 93.000000 70.000000 64.000000 61.000000 57.000000 63.000000 63.000000 58.000000 57.000000 57.000000 0.000000 56.000000 
ON-E76b    158.000000 158.000000 150.000000 150.000000 137.000000 114.000000 91.000000 68.000000 62.000000 59.000000 55.000000 61.000000 61.000000 56.000000 59.000000 59.000000 56.000000 0.000000 

